-400.000000	400.000000	700.000000
150.000000	110.000000	0.000000
1.000000
-399.950989	400.000000	700.000000
150.000000	110.000000	0.000000
1.000000
-399.808014	400.000000	700.000000
150.000000	110.000000	0.000000
1.000000
-399.576996	400.000000	700.000000
150.000000	110.000000	0.000000
1.000000
-399.264008	400.000000	700.000000
150.000000	110.000000	0.000000
1.000000
-398.875000	400.000000	700.000000
150.000000	110.000000	0.000000
1.000000
-398.415985	400.000000	700.000000
150.000000	110.000000	0.000000
1.000000
-397.893005	400.000000	700.000000
150.000000	110.000000	0.000000
1.000000
-397.312012	400.000000	700.000000
150.000000	110.000000	0.000000
1.000000
-396.678986	400.000000	700.000000
150.000000	110.000000	0.000000
1.000000
-396.000000	400.000000	700.000000
150.000000	110.000000	0.000000
1.000000
-395.281006	400.000000	700.000000
150.000000	110.000000	0.000000
1.000000
-394.528015	400.000000	700.000000
150.000000	110.000000	0.000000
1.000000
-393.747009	400.000000	700.000000
150.000000	110.000000	0.000000
1.000000
-392.944000	400.000000	700.000000
150.000000	110.000000	0.000000
1.000000
-392.125000	400.000000	700.000000
150.000000	110.000000	0.000000
1.000000
-391.295990	400.000000	700.000000
150.000000	110.000000	0.000000
1.000000
-390.463013	400.000000	700.000000
150.000000	110.000000	0.000000
1.000000
-389.631989	400.000000	700.000000
150.000000	110.000000	0.000000
1.000000
-388.808990	400.000000	700.000000
150.000000	110.000000	0.000000
1.000000
-388.000000	400.000000	700.000000
150.000000	110.000000	0.000000
1.000000
-387.210999	400.000000	700.000000
150.000000	110.000000	0.000000
1.000000
-386.447998	400.000000	700.000000
150.000000	110.000000	0.000000
1.000000
-385.717010	400.000000	700.000000
150.000000	110.000000	0.000000
1.000000
-385.023987	400.000000	700.000000
150.000000	110.000000	0.000000
1.000000
-384.375000	400.000000	700.000000
150.000000	110.000000	0.000000
1.000000
-383.776001	400.000000	700.000000
150.000000	110.000000	0.000000
1.000000
-383.233002	400.000000	700.000000
150.000000	110.000000	0.000000
1.000000
-382.752014	400.000000	700.000000
150.000000	110.000000	0.000000
1.000000
-382.338989	400.000000	700.000000
150.000000	110.000000	0.000000
1.000000
-382.000000	400.000000	700.000000
150.000000	110.000000	0.000000
1.000000
-381.740997	400.000000	700.000000
150.000000	110.000000	0.000000
1.000000
-381.567993	400.000000	700.000000
150.000000	110.000000	0.000000
1.000000
-381.487000	400.000000	700.000000
150.000000	110.000000	0.000000
1.000000
-381.503998	400.000000	700.000000
150.000000	110.000000	0.000000
1.000000
-381.625000	400.000000	700.000000
150.000000	110.000000	0.000000
1.000000
-381.855988	400.000000	700.000000
150.000000	110.000000	0.000000
1.000000
-382.203003	400.000000	700.000000
150.000000	110.000000	0.000000
1.000000
-382.671997	400.000000	700.000000
150.000000	110.000000	0.000000
1.000000
-383.268982	400.000000	700.000000
150.000000	110.000000	0.000000
1.000000
-384.000000	400.000000	700.000000
150.000000	110.000000	0.000000
1.000000
-384.870972	400.000000	700.000000
150.000000	110.000000	0.000000
1.000000
-385.888000	400.000000	700.000000
150.000000	110.000000	0.000000
1.000000
-387.056976	400.000000	700.000000
150.000000	110.000000	0.000000
1.000000
-388.383972	400.000000	700.000000
150.000000	110.000000	0.000000
1.000000
-389.874969	400.000000	700.000000
150.000000	110.000000	0.000000
1.000000
-391.535980	400.000000	700.000000
150.000000	110.000000	0.000000
1.000000
-393.372955	400.000000	700.000000
150.000000	110.000000	0.000000
1.000000
-395.391968	400.000000	700.000000
150.000000	110.000000	0.000000
1.000000
-397.598938	400.000000	700.000000
150.000000	110.000000	0.000000
1.000000
-399.999939	400.000000	700.000000
150.000000	110.000000	0.000000
1.000000
-402.647949	400.000000	700.274414
150.000000	110.000000	0.000000
1.000000
-405.583954	400.000000	701.075195
150.000000	110.000000	0.000000
1.000000
-408.795929	400.000000	702.368774
150.000000	110.000000	0.000000
1.000000
-412.271942	400.000000	704.121582
150.000000	110.000000	0.000000
1.000000
-415.999939	400.000000	706.299927
150.000000	110.000000	0.000000
1.000000
-419.967926	400.000000	708.870361
150.000000	110.000000	0.000000
1.000000
-424.163910	400.000000	711.799133
150.000000	110.000000	0.000000
1.000000
-428.575928	400.000000	715.052734
150.000000	110.000000	0.000000
1.000000
-433.191895	400.000000	718.597534
150.000000	110.000000	0.000000
1.000000
-437.999908	400.000000	722.399902
150.000000	110.000000	0.000000
1.000000
-442.987915	400.000000	726.426331
150.000000	110.000000	0.000000
1.000000
-448.143890	400.000000	730.643127
150.000000	110.000000	0.000000
1.000000
-453.455902	400.000000	735.016724
150.000000	110.000000	0.000000
1.000000
-458.911896	400.000000	739.513489
150.000000	110.000000	0.000000
1.000000
-464.499878	400.000000	744.099915
150.000000	110.000000	0.000000
1.000000
-470.207886	400.000000	748.742310
150.000000	110.000000	0.000000
1.000000
-476.023895	400.000000	753.407104
150.000000	110.000000	0.000000
1.000000
-481.935913	400.000000	758.060730
150.000000	110.000000	0.000000
1.000000
-487.931885	400.000000	762.669495
150.000000	110.000000	0.000000
1.000000
-493.999908	400.000000	767.199951
150.000000	110.000000	0.000000
1.000000
-500.127899	400.000000	771.618347
150.000000	110.000000	0.000000
1.000000
-506.303894	400.000000	775.891113
150.000000	110.000000	0.000000
1.000000
-512.515930	400.000000	779.984741
150.000000	110.000000	0.000000
1.000000
-518.751892	400.000000	783.865540
150.000000	110.000000	0.000000
1.000000
-524.999878	400.000000	787.499939
150.000000	110.000000	0.000000
1.000000
-531.247925	400.000000	790.854370
150.000000	110.000000	0.000000
1.000000
-537.483887	400.000000	793.895142
150.000000	110.000000	0.000000
1.000000
-543.695923	400.000000	796.588745
150.000000	110.000000	0.000000
1.000000
-549.871948	400.000000	798.901550
150.000000	110.000000	0.000000
1.000000
-555.999878	400.000000	800.799988
150.000000	110.000000	0.000000
1.000000
-562.067871	400.000000	802.250366
150.000000	110.000000	0.000000
1.000000
-568.063904	400.000000	803.219177
150.000000	110.000000	0.000000
1.000000
-573.975891	400.000000	803.672791
150.000000	110.000000	0.000000
1.000000
-579.791870	400.000000	803.577637
150.000000	110.000000	0.000000
1.000000
-585.499878	400.000000	802.900024
150.000000	110.000000	0.000000
1.000000
-591.087891	400.000000	801.606445
150.000000	110.000000	0.000000
1.000000
-596.543823	400.000000	799.663269
150.000000	110.000000	0.000000
1.000000
-601.855835	400.000000	797.036865
150.000000	110.000000	0.000000
1.000000
-607.011841	400.000000	793.693726
150.000000	110.000000	0.000000
1.000000
-611.999878	400.000000	789.600098
150.000000	110.000000	0.000000
1.000000
-616.807861	400.000000	784.722534
150.000000	110.000000	0.000000
1.000000
-621.423828	400.000000	779.027344
150.000000	110.000000	0.000000
1.000000
-625.835876	400.000000	772.481018
150.000000	110.000000	0.000000
1.000000
-630.031921	400.000000	765.049805
150.000000	110.000000	0.000000
1.000000
-633.999878	400.000000	756.700317
150.000000	110.000000	0.000000
1.000000
-637.727905	400.000000	747.398743
150.000000	110.000000	0.000000
1.000000
-641.203857	400.000000	737.111572
150.000000	110.000000	0.000000
1.000000
-644.415894	400.000000	725.805176
150.000000	110.000000	0.000000
1.000000
-647.351868	400.000000	713.446045
150.000000	110.000000	0.000000
1.000000
-649.999878	400.000000	700.000488
150.000000	110.000000	0.000000
1.000000
-652.449890	400.000000	685.171753
150.000000	110.000000	0.000000
1.000000
-654.799927	400.000000	668.730225
150.000000	110.000000	0.000000
1.000000
-657.049927	400.000000	650.743103
150.000000	110.000000	0.000000
1.000000
-659.199951	400.000000	631.277527
150.000000	110.000000	0.000000
1.000000
-661.249939	400.000000	610.400818
150.000000	110.000000	0.000000
1.000000
-663.199951	400.000000	588.180054
150.000000	110.000000	0.000000
1.000000
-665.049927	400.000000	564.682495
150.000000	110.000000	0.000000
1.000000
-666.799927	400.000000	539.975342
150.000000	110.000000	0.000000
1.000000
-668.449951	400.000000	514.125793
150.000000	110.000000	0.000000
1.000000
-669.999939	400.000000	487.201050
150.000000	110.000000	0.000000
1.000000
-671.449951	400.000000	459.268280
150.000000	110.000000	0.000000
1.000000
-672.799927	400.000000	430.394714
150.000000	110.000000	0.000000
1.000000
-674.049927	400.000000	400.647522
150.000000	110.000000	0.000000
1.000000
-675.199951	400.000000	370.093964
150.000000	110.000000	0.000000
1.000000
-676.249939	400.000000	338.801147
150.000000	110.000000	0.000000
1.000000
-677.199951	400.000000	306.836365
150.000000	110.000000	0.000000
1.000000
-678.049988	400.000000	274.266785
150.000000	110.000000	0.000000
1.000000
-678.799988	400.000000	241.159576
150.000000	110.000000	0.000000
1.000000
-679.449951	400.000000	207.581970
150.000000	110.000000	0.000000
1.000000
-680.000000	400.000000	173.601135
150.000000	110.000000	0.000000
1.000000
-680.450012	400.000000	139.284363
150.000000	110.000000	0.000000
1.000000
-680.799988	400.000000	104.698730
150.000000	110.000000	0.000000
1.000000
-681.049988	400.000000	69.911499
150.000000	110.000000	0.000000
1.000000
-681.200012	400.000000	34.989929
150.000000	110.000000	0.000000
1.000000
-681.250000	400.000000	0.001099
150.000000	110.000000	0.000000
1.000000
-681.200012	400.000000	-34.987671
150.000000	110.000000	0.000000
1.000000
-681.049988	400.000000	-69.909302
150.000000	110.000000	0.000000
1.000000
-680.799988	400.000000	-104.696472
150.000000	110.000000	0.000000
1.000000
-680.450012	400.000000	-139.282043
150.000000	110.000000	0.000000
1.000000
-680.000000	400.000000	-173.598755
150.000000	110.000000	0.000000
1.000000
-679.450012	400.000000	-207.579590
150.000000	110.000000	0.000000
1.000000
-678.800049	400.000000	-241.157166
150.000000	110.000000	0.000000
1.000000
-678.050049	400.000000	-274.264404
150.000000	110.000000	0.000000
1.000000
-677.200012	400.000000	-306.833984
150.000000	110.000000	0.000000
1.000000
-676.250061	400.000000	-338.798828
150.000000	110.000000	0.000000
1.000000
-675.200073	400.000000	-370.091553
150.000000	110.000000	0.000000
1.000000
-674.050049	400.000000	-400.645142
150.000000	110.000000	0.000000
1.000000
-672.800049	400.000000	-430.392334
150.000000	110.000000	0.000000
1.000000
-671.450073	400.000000	-459.265991
150.000000	110.000000	0.000000
1.000000
-670.000061	400.000000	-487.198730
150.000000	110.000000	0.000000
1.000000
-668.450073	400.000000	-514.123535
150.000000	110.000000	0.000000
1.000000
-666.800049	400.000000	-539.973145
150.000000	110.000000	0.000000
1.000000
-665.050110	400.000000	-564.680420
150.000000	110.000000	0.000000
1.000000
-663.200073	400.000000	-588.178223
150.000000	110.000000	0.000000
1.000000
-661.250122	400.000000	-610.398926
150.000000	110.000000	0.000000
1.000000
-659.200073	400.000000	-631.275635
150.000000	110.000000	0.000000
1.000000
-657.050110	400.000000	-650.741577
150.000000	110.000000	0.000000
1.000000
-654.800110	400.000000	-668.728760
150.000000	110.000000	0.000000
1.000000
-652.450134	400.000000	-685.170410
150.000000	110.000000	0.000000
1.000000
-650.000122	400.000000	-699.999268
150.000000	110.000000	0.000000
1.000000
-647.508911	400.000000	-713.444885
150.000000	110.000000	0.000000
0.999980
-645.030518	400.000000	-725.804138
150.000000	110.000000	0.000000
0.999923
-642.557739	400.000000	-737.110596
150.000000	110.000000	0.000000
0.999831
-640.083313	400.000000	-747.397888
150.000000	110.000000	0.000000
0.999706
-637.600159	400.000000	-756.699524
150.000000	110.000000	0.000000
0.999550
-635.100952	400.000000	-765.049194
150.000000	110.000000	0.000000
0.999366
-632.578552	400.000000	-772.480408
150.000000	110.000000	0.000000
0.999157
-630.025757	400.000000	-779.026855
150.000000	110.000000	0.000000
0.998925
-627.435364	400.000000	-784.722107
150.000000	110.000000	0.000000
0.998672
-624.800171	400.000000	-789.599731
150.000000	110.000000	0.000000
0.998400
-622.112976	400.000000	-793.693359
150.000000	110.000000	0.000000
0.998112
-619.366577	400.000000	-797.036621
150.000000	110.000000	0.000000
0.997811
-616.553772	400.000000	-799.663086
150.000000	110.000000	0.000000
0.997499
-613.667358	400.000000	-801.606323
150.000000	110.000000	0.000000
0.997178
-610.700195	400.000000	-802.899963
150.000000	110.000000	0.000000
0.996850
-607.644958	400.000000	-803.577576
150.000000	110.000000	0.000000
0.996518
-604.494568	400.000000	-803.672791
150.000000	110.000000	0.000000
0.996185
-601.241760	400.000000	-803.219238
150.000000	110.000000	0.000000
0.995853
-597.879395	400.000000	-802.250488
150.000000	110.000000	0.000000
0.995524
-594.400208	400.000000	-800.800049
150.000000	110.000000	0.000000
0.995200
-590.796997	400.000000	-798.901733
150.000000	110.000000	0.000000
0.994884
-587.062622	400.000000	-796.588928
150.000000	110.000000	0.000000
0.994579
-583.189819	400.000000	-793.895325
150.000000	110.000000	0.000000
0.994287
-579.171387	400.000000	-790.854553
150.000000	110.000000	0.000000
0.994010
-575.000183	400.000000	-787.500183
150.000000	110.000000	0.000000
0.993750
-570.669006	400.000000	-783.865784
150.000000	110.000000	0.000000
0.993510
-566.170654	400.000000	-779.984985
150.000000	110.000000	0.000000
0.993293
-561.497864	400.000000	-775.891418
150.000000	110.000000	0.000000
0.993101
-556.643433	400.000000	-771.618652
150.000000	110.000000	0.000000
0.992936
-551.600281	400.000000	-767.200256
150.000000	110.000000	0.000000
0.992800
-546.361084	400.000000	-762.669861
150.000000	110.000000	0.000000
0.992696
-540.918701	400.000000	-758.061035
150.000000	110.000000	0.000000
0.992627
-535.265930	400.000000	-753.407471
150.000000	110.000000	0.000000
0.992595
-529.395508	400.000000	-748.742676
150.000000	110.000000	0.000000
0.992602
-523.300354	400.000000	-744.100281
150.000000	110.000000	0.000000
0.992650
-516.973145	400.000000	-739.513916
150.000000	110.000000	0.000000
0.992742
-510.406799	400.000000	-735.017090
150.000000	110.000000	0.000000
0.992881
-503.594025	400.000000	-730.643433
150.000000	110.000000	0.000000
0.993069
-496.527649	400.000000	-726.426636
150.000000	110.000000	0.000000
0.993308
-489.200439	400.000000	-722.400269
150.000000	110.000000	0.000000
0.993600
-481.605286	400.000000	-718.597778
150.000000	110.000000	0.000000
0.993948
-473.734924	400.000000	-715.053040
150.000000	110.000000	0.000000
0.994355
-465.582153	400.000000	-711.799377
150.000000	110.000000	0.000000
0.994823
-457.139771	400.000000	-708.870605
150.000000	110.000000	0.000000
0.995354
-448.400574	400.000000	-706.300110
150.000000	110.000000	0.000000
0.995950
-439.357422	400.000000	-704.121765
150.000000	110.000000	0.000000
0.996614
-430.003052	400.000000	-702.368896
150.000000	110.000000	0.000000
0.997349
-420.330292	400.000000	-701.075317
150.000000	110.000000	0.000000
0.998157
-410.331909	400.000000	-700.274414
150.000000	110.000000	0.000000
0.999040
-400.000732	400.000000	-700.000000
150.000000	110.000000	0.000000
1.000000
-389.126221	400.000000	-700.000000
150.000000	110.000000	0.000000
1.001059
-377.524078	400.000000	-700.000000
150.000000	110.000000	0.000000
1.002234
-365.226715	400.000000	-700.000000
150.000000	110.000000	0.000000
1.003518
-352.266571	400.000000	-700.000000
150.000000	110.000000	0.000000
1.004909
-338.676025	400.000000	-700.000000
150.000000	110.000000	0.000000
1.006400
-324.487457	400.000000	-700.000000
150.000000	110.000000	0.000000
1.007987
-309.733276	400.000000	-700.000000
150.000000	110.000000	0.000000
1.009665
-294.445923	400.000000	-700.000000
150.000000	110.000000	0.000000
1.011430
-278.657776	400.000000	-700.000000
150.000000	110.000000	0.000000
1.013277
-262.401215	400.000000	-700.000000
150.000000	110.000000	0.000000
1.015200
-245.708649	400.000000	-700.000000
150.000000	110.000000	0.000000
1.017195
-228.612488	400.000000	-700.000000
150.000000	110.000000	0.000000
1.019257
-211.145111	400.000000	-700.000000
150.000000	110.000000	0.000000
1.021382
-193.338898	400.000000	-700.000000
150.000000	110.000000	0.000000
1.023565
-175.226318	400.000000	-700.000000
150.000000	110.000000	0.000000
1.025800
-156.839722	400.000000	-700.000000
150.000000	110.000000	0.000000
1.028083
-138.211548	400.000000	-700.000000
150.000000	110.000000	0.000000
1.030409
-119.374146	400.000000	-700.000000
150.000000	110.000000	0.000000
1.032774
-100.359924	400.000000	-700.000000
150.000000	110.000000	0.000000
1.035173
-81.201324	400.000000	-700.000000
150.000000	110.000000	0.000000
1.037600
-61.930725	400.000000	-700.000000
150.000000	110.000000	0.000000
1.040051
-42.580505	400.000000	-700.000000
150.000000	110.000000	0.000000
1.042521
-23.183105	400.000000	-700.000000
150.000000	110.000000	0.000000
1.045006
-3.770935	400.000000	-700.000000
150.000000	110.000000	0.000000
1.047501
15.623718	400.000000	-700.000000
150.000000	110.000000	0.000000
1.050000
34.968323	400.000000	-700.000000
150.000000	110.000000	0.000000
1.052499
54.230530	400.000000	-700.000000
150.000000	110.000000	0.000000
1.054993
73.377869	400.000000	-700.000000
150.000000	110.000000	0.000000
1.057478
92.378082	400.000000	-700.000000
150.000000	110.000000	0.000000
1.059949
111.198669	400.000000	-700.000000
150.000000	110.000000	0.000000
1.062400
129.807251	400.000000	-700.000000
150.000000	110.000000	0.000000
1.064827
148.171509	400.000000	-700.000000
150.000000	110.000000	0.000000
1.067225
166.258850	400.000000	-700.000000
150.000000	110.000000	0.000000
1.069590
184.037109	400.000000	-700.000000
150.000000	110.000000	0.000000
1.071917
201.473694	400.000000	-700.000000
150.000000	110.000000	0.000000
1.074200
218.536316	400.000000	-700.000000
150.000000	110.000000	0.000000
1.076435
235.192566	400.000000	-700.000000
150.000000	110.000000	0.000000
1.078617
251.409973	400.000000	-700.000000
150.000000	110.000000	0.000000
1.080742
267.156128	400.000000	-700.000000
150.000000	110.000000	0.000000
1.082805
282.398804	400.000000	-700.000000
150.000000	110.000000	0.000000
1.084800
297.105469	400.000000	-700.000000
150.000000	110.000000	0.000000
1.086723
311.243652	400.000000	-700.000000
150.000000	110.000000	0.000000
1.088570
324.781128	400.000000	-700.000000
150.000000	110.000000	0.000000
1.090334
337.685364	400.000000	-700.000000
150.000000	110.000000	0.000000
1.092013
349.924072	400.000000	-700.000000
150.000000	110.000000	0.000000
1.093600
361.464600	400.000000	-700.000000
150.000000	110.000000	0.000000
1.095091
372.274902	400.000000	-700.000000
150.000000	110.000000	0.000000
1.096482
382.322388	400.000000	-700.000000
150.000000	110.000000	0.000000
1.097766
391.574585	400.000000	-700.000000
150.000000	110.000000	0.000000
1.098941
399.999329	400.000000	-700.000000
150.000000	110.000000	0.000000
1.100000
407.682526	400.000000	-700.000000
150.000000	110.000000	0.000000
1.100960
414.744995	400.000000	-700.000000
150.000000	110.000000	0.000000
1.101843
421.205841	400.000000	-700.000000
150.000000	110.000000	0.000000
1.102651
427.084290	400.000000	-700.000000
150.000000	110.000000	0.000000
1.103386
432.399536	400.000000	-700.000000
150.000000	110.000000	0.000000
1.104050
437.170776	400.000000	-700.000000
150.000000	110.000000	0.000000
1.104646
441.417236	400.000000	-700.000000
150.000000	110.000000	0.000000
1.105177
445.158081	400.000000	-700.000000
150.000000	110.000000	0.000000
1.105645
448.412537	400.000000	-700.000000
150.000000	110.000000	0.000000
1.106052
451.199768	400.000000	-700.000000
150.000000	110.000000	0.000000
1.106400
453.539001	400.000000	-700.000000
150.000000	110.000000	0.000000
1.106692
455.449432	400.000000	-700.000000
150.000000	110.000000	0.000000
1.106931
456.950287	400.000000	-700.000000
150.000000	110.000000	0.000000
1.107119
458.060730	400.000000	-700.000000
150.000000	110.000000	0.000000
1.107258
458.799957	400.000000	-700.000000
150.000000	110.000000	0.000000
1.107350
459.187195	400.000000	-700.000000
150.000000	110.000000	0.000000
1.107398
459.241608	400.000000	-700.000000
150.000000	110.000000	0.000000
1.107405
458.982422	400.000000	-700.000000
150.000000	110.000000	0.000000
1.107373
458.428864	400.000000	-700.000000
150.000000	110.000000	0.000000
1.107304
457.600098	400.000000	-700.000000
150.000000	110.000000	0.000000
1.107200
456.515320	400.000000	-700.000000
150.000000	110.000000	0.000000
1.107064
455.193726	400.000000	-700.000000
150.000000	110.000000	0.000000
1.106899
453.654541	400.000000	-700.000000
150.000000	110.000000	0.000000
1.106707
451.916962	400.000000	-700.000000
150.000000	110.000000	0.000000
1.106490
450.000183	400.000000	-700.000000
150.000000	110.000000	0.000000
1.106250
447.923370	400.000000	-700.000000
150.000000	110.000000	0.000000
1.105990
445.705811	400.000000	-700.000000
150.000000	110.000000	0.000000
1.105713
443.366577	400.000000	-700.000000
150.000000	110.000000	0.000000
1.105421
440.925018	400.000000	-700.000000
150.000000	110.000000	0.000000
1.105116
438.400208	400.000000	-700.000000
150.000000	110.000000	0.000000
1.104800
435.811462	400.000000	-700.000000
150.000000	110.000000	0.000000
1.104476
433.177856	400.000000	-700.000000
150.000000	110.000000	0.000000
1.104147
430.518646	400.000000	-700.000000
150.000000	110.000000	0.000000
1.103815
427.853058	400.000000	-700.000000
150.000000	110.000000	0.000000
1.103482
425.200256	400.000000	-700.000000
150.000000	110.000000	0.000000
1.103150
422.579437	400.000000	-700.000000
150.000000	110.000000	0.000000
1.102822
420.009827	400.000000	-700.000000
150.000000	110.000000	0.000000
1.102501
417.510651	400.000000	-700.000000
150.000000	110.000000	0.000000
1.102189
415.101044	400.000000	-700.000000
150.000000	110.000000	0.000000
1.101888
412.800232	400.000000	-700.000000
150.000000	110.000000	0.000000
1.101600
410.627380	400.000000	-700.000000
150.000000	110.000000	0.000000
1.101328
408.601776	400.000000	-700.000000
150.000000	110.000000	0.000000
1.101075
406.742584	400.000000	-700.000000
150.000000	110.000000	0.000000
1.100843
405.068970	400.000000	-700.000000
150.000000	110.000000	0.000000
1.100634
403.600128	400.000000	-700.000000
150.000000	110.000000	0.000000
1.100450
402.355316	400.000000	-700.000000
150.000000	110.000000	0.000000
1.100294
401.353699	400.000000	-700.000000
150.000000	110.000000	0.000000
1.100169
400.614471	400.000000	-700.000000
150.000000	110.000000	0.000000
1.100077
400.156830	400.000000	-700.000000
150.000000	110.000000	0.000000
1.100020
400.000000	400.000000	-700.000000
150.000000	110.000000	0.000000
1.100000
399.902008	400.000000	-700.117554
150.000000	110.000000	0.000000
1.100000
399.616028	400.000000	-700.460754
150.000000	110.000000	0.000000
1.100000
399.154053	400.000000	-701.015137
150.000000	110.000000	0.000000
1.100000
398.528076	400.000000	-701.766296
150.000000	110.000000	0.000000
1.100000
397.750092	400.000000	-702.699890
150.000000	110.000000	0.000000
1.100000
396.832092	400.000000	-703.801453
150.000000	110.000000	0.000000
1.100000
395.786133	400.000000	-705.056641
150.000000	110.000000	0.000000
1.100000
394.624146	400.000000	-706.451050
150.000000	110.000000	0.000000
1.100000
393.358154	400.000000	-707.970215
150.000000	110.000000	0.000000
1.100000
392.000153	400.000000	-709.599792
150.000000	110.000000	0.000000
1.100000
390.562164	400.000000	-711.325378
150.000000	110.000000	0.000000
1.100000
389.056183	400.000000	-713.132568
150.000000	110.000000	0.000000
1.100000
387.494171	400.000000	-715.007019
150.000000	110.000000	0.000000
1.100000
385.888184	400.000000	-716.934204
150.000000	110.000000	0.000000
1.100000
384.250183	400.000000	-718.899780
150.000000	110.000000	0.000000
1.100000
382.592163	400.000000	-720.889404
150.000000	110.000000	0.000000
1.100000
380.926178	400.000000	-722.888611
150.000000	110.000000	0.000000
1.100000
379.264160	400.000000	-724.882996
150.000000	110.000000	0.000000
1.100000
377.618164	400.000000	-726.858215
150.000000	110.000000	0.000000
1.100000
376.000183	400.000000	-728.799805
150.000000	110.000000	0.000000
1.100000
374.422150	400.000000	-730.693420
150.000000	110.000000	0.000000
1.100000
372.896149	400.000000	-732.524597
150.000000	110.000000	0.000000
1.100000
371.434143	400.000000	-734.279053
150.000000	110.000000	0.000000
1.100000
370.048126	400.000000	-735.942261
150.000000	110.000000	0.000000
1.100000
368.750122	400.000000	-737.499878
150.000000	110.000000	0.000000
1.100000
367.552124	400.000000	-738.937439
150.000000	110.000000	0.000000
1.100000
366.466095	400.000000	-740.240662
150.000000	110.000000	0.000000
1.100000
365.504089	400.000000	-741.395081
150.000000	110.000000	0.000000
1.100000
364.678070	400.000000	-742.386292
150.000000	110.000000	0.000000
1.100000
364.000061	400.000000	-743.199951
150.000000	110.000000	0.000000
1.100000
363.482056	400.000000	-743.821533
150.000000	110.000000	0.000000
1.100000
363.136017	400.000000	-744.236755
150.000000	110.000000	0.000000
1.100000
362.973999	400.000000	-744.431213
150.000000	110.000000	0.000000
1.100000
363.007996	400.000000	-744.390442
150.000000	110.000000	0.000000
1.100000
363.249969	400.000000	-744.100037
150.000000	110.000000	0.000000
1.100000
363.711945	400.000000	-743.545654
150.000000	110.000000	0.000000
1.100000
364.405914	400.000000	-742.712891
150.000000	110.000000	0.000000
1.100000
365.343872	400.000000	-741.587341
150.000000	110.000000	0.000000
1.100000
366.537842	400.000000	-740.154602
150.000000	110.000000	0.000000
1.100000
367.999817	400.000000	-738.400208
150.000000	110.000000	0.000000
1.100000
369.741760	400.000000	-736.309875
150.000000	110.000000	0.000000
1.100000
371.775757	400.000000	-733.869141
150.000000	110.000000	0.000000
1.100000
374.113708	400.000000	-731.063538
150.000000	110.000000	0.000000
1.100000
376.767670	400.000000	-727.878784
150.000000	110.000000	0.000000
1.100000
379.749634	400.000000	-724.300476
150.000000	110.000000	0.000000
1.100000
383.071594	400.000000	-720.314087
150.000000	110.000000	0.000000
1.100000
386.745544	400.000000	-715.905396
150.000000	110.000000	0.000000
1.100000
390.783478	400.000000	-711.059814
150.000000	110.000000	0.000000
1.100000
395.197449	400.000000	-705.763062
150.000000	110.000000	0.000000
1.100000
399.999390	400.000000	-700.000732
150.000000	110.000000	0.000000
1.100000
405.354095	400.000000	-693.763245
150.000000	109.999023	0.000000
1.100000
411.397583	400.000000	-687.060059
150.000000	109.996162	0.000000
1.100000
418.098724	400.000000	-679.905762
150.000000	109.991539	0.000000
1.100000
425.426239	400.000000	-672.314575
150.000000	109.985283	0.000000
1.100000
433.348969	400.000000	-664.301025
150.000000	109.977501	0.000000
1.100000
441.835693	400.000000	-655.879517
150.000000	109.968323	0.000000
1.100000
450.855225	400.000000	-647.064331
150.000000	109.957863	0.000000
1.100000
460.376373	400.000000	-637.869995
150.000000	109.946243	0.000000
1.100000
470.367889	400.000000	-628.310852
150.000000	109.933578	0.000000
1.100000
480.798645	400.000000	-618.401306
150.000000	109.919998	0.000000
1.100000
491.637390	400.000000	-608.155701
150.000000	109.905624	0.000000
1.100000
502.852936	400.000000	-597.588562
150.000000	109.890564	0.000000
1.100000
514.414124	400.000000	-586.714233
150.000000	109.874939	0.000000
1.100000
526.289673	400.000000	-575.547058
150.000000	109.858879	0.000000
1.100000
538.448486	400.000000	-564.101440
150.000000	109.842499	0.000000
1.100000
550.859253	400.000000	-552.391907
150.000000	109.825920	0.000000
1.100000
563.490784	400.000000	-540.432739
150.000000	109.809265	0.000000
1.100000
576.312012	400.000000	-528.238342
150.000000	109.792641	0.000000
1.100000
589.291626	400.000000	-515.823120
150.000000	109.776184	0.000000
1.100000
602.398376	400.000000	-503.201569
150.000000	109.760002	0.000000
1.100000
615.601196	400.000000	-490.388000
150.000000	109.744225	0.000000
1.100000
628.868774	400.000000	-477.396790
150.000000	109.728958	0.000000
1.100000
642.169983	400.000000	-464.242432
150.000000	109.714340	0.000000
1.100000
655.473572	400.000000	-450.939209
150.000000	109.700485	0.000000
1.100000
668.748413	400.000000	-437.501617
150.000000	109.687500	0.000000
1.100000
681.963196	400.000000	-423.944031
150.000000	109.675522	0.000000
1.100000
695.086792	400.000000	-410.280884
150.000000	109.664658	0.000000
1.100000
708.088013	400.000000	-396.526489
150.000000	109.655045	0.000000
1.100000
720.935669	400.000000	-382.695312
150.000000	109.646782	0.000000
1.100000
733.598450	400.000000	-368.801727
150.000000	109.639999	0.000000
1.100000
746.045288	400.000000	-354.860168
150.000000	109.634819	0.000000
1.100000
758.244934	400.000000	-340.884979
150.000000	109.631363	0.000000
1.100000
770.166138	400.000000	-326.890564
150.000000	109.629738	0.000000
1.100000
781.777710	400.000000	-312.891357
150.000000	109.630081	0.000000
1.100000
793.048584	400.000000	-298.901794
150.000000	109.632500	0.000000
1.100000
803.947388	400.000000	-284.936218
150.000000	109.637115	0.000000
1.100000
814.443054	400.000000	-271.009033
150.000000	109.644058	0.000000
1.100000
824.504272	400.000000	-257.134644
150.000000	109.653442	0.000000
1.100000
834.099915	400.000000	-243.327393
150.000000	109.665375	0.000000
1.100000
843.198792	400.000000	-229.601807
150.000000	109.680000	0.000000
1.100000
851.769653	400.000000	-215.972229
150.000000	109.697418	0.000000
1.100000
859.781372	400.000000	-202.453003
150.000000	109.717758	0.000000
1.100000
867.202637	400.000000	-189.058624
150.000000	109.741135	0.000000
1.100000
874.002319	400.000000	-175.803467
150.000000	109.767677	0.000000
1.100000
880.149170	400.000000	-162.701782
150.000000	109.797493	0.000000
1.100000
885.612061	400.000000	-149.768188
150.000000	109.830719	0.000000
1.100000
890.359863	400.000000	-137.017029
150.000000	109.867455	0.000000
1.100000
894.361084	400.000000	-124.462585
150.000000	109.907837	0.000000
1.100000
897.584717	400.000000	-112.119385
150.000000	109.951973	0.000000
1.100000
899.999634	400.000000	-100.001709
150.000000	109.999992	0.000000
1.100000
901.624207	400.000000	-87.884163
150.000000	110.051971	0.000000
1.100000
902.515137	400.000000	-75.540993
150.000000	110.107834	0.000000
1.100000
902.698853	400.000000	-62.986622
150.000000	110.167450	0.000000
1.100000
902.201721	400.000000	-50.235451
150.000000	110.230713	0.000000
1.100000
901.050232	400.000000	-37.301876
150.000000	110.297493	0.000000
1.100000
899.270691	400.000000	-24.200302
150.000000	110.367668	0.000000
1.100000
896.889587	400.000000	-10.945122
150.000000	110.441132	0.000000
1.100000
893.933289	400.000000	2.449249
150.000000	110.517746	0.000000
1.100000
890.428162	400.000000	15.968430
150.000000	110.597404	0.000000
1.100000
886.400635	400.000000	29.598022
150.000000	110.679985	0.000000
1.100000
881.877075	400.000000	43.323608
150.000000	110.765366	0.000000
1.100000
876.883972	400.000000	57.130798
150.000000	110.853424	0.000000
1.100000
871.447632	400.000000	71.005188
150.000000	110.944046	0.000000
1.100000
865.594482	400.000000	84.932373
150.000000	111.037109	0.000000
1.100000
859.350952	400.000000	98.897995
150.000000	111.132484	0.000000
1.100000
852.743347	400.000000	112.887589
150.000000	111.230064	0.000000
1.100000
845.798218	400.000000	126.886810
150.000000	111.329727	0.000000
1.100000
838.541870	400.000000	140.881210
150.000000	111.431343	0.000000
1.100000
831.000671	400.000000	154.856415
150.000000	111.534805	0.000000
1.100000
823.201111	400.000000	168.798035
150.000000	111.639984	0.000000
1.100000
815.169556	400.000000	182.691650
150.000000	111.746765	0.000000
1.100000
806.932373	400.000000	196.522888
150.000000	111.855026	0.000000
1.100000
798.515991	400.000000	210.277283
150.000000	111.964645	0.000000
1.100000
789.946777	400.000000	223.940491
150.000000	112.075500	0.000000
1.100000
781.251221	400.000000	237.498138
150.000000	112.187485	0.000000
1.100000
772.455627	400.000000	250.935760
150.000000	112.300461	0.000000
1.100000
763.586426	400.000000	264.238953
150.000000	112.414322	0.000000
1.100000
754.670105	400.000000	277.393372
150.000000	112.528946	0.000000
1.100000
745.732849	400.000000	290.384583
150.000000	112.644203	0.000000
1.100000
736.801270	400.000000	303.198181
150.000000	112.759987	0.000000
1.100000
727.901611	400.000000	315.819824
150.000000	112.876160	0.000000
1.100000
719.060486	400.000000	328.235016
150.000000	112.992622	0.000000
1.100000
710.304077	400.000000	340.429443
150.000000	113.109245	0.000000
1.100000
701.658813	400.000000	352.388672
150.000000	113.225906	0.000000
1.100000
693.151245	400.000000	364.098297
150.000000	113.342484	0.000000
1.100000
684.807617	400.000000	375.543945
150.000000	113.458862	0.000000
1.100000
676.654419	400.000000	386.711182
150.000000	113.574921	0.000000
1.100000
668.718018	400.000000	397.585571
150.000000	113.690544	0.000000
1.100000
661.024780	400.000000	408.152832
150.000000	113.805603	0.000000
1.100000
653.601074	400.000000	418.398438
150.000000	113.919983	0.000000
1.100000
646.473450	400.000000	428.308105
150.000000	114.033562	0.000000
1.100000
639.668274	400.000000	437.867371
150.000000	114.146225	0.000000
1.100000
633.211731	400.000000	447.061829
150.000000	114.257843	0.000000
1.100000
627.130493	400.000000	455.877014
150.000000	114.368301	0.000000
1.100000
621.450928	400.000000	464.298706
150.000000	114.477486	0.000000
1.100000
616.199219	400.000000	472.312378
150.000000	114.585266	0.000000
1.100000
611.401917	400.000000	479.903625
150.000000	114.691521	0.000000
1.100000
607.085449	400.000000	487.058105
150.000000	114.796143	0.000000
1.100000
603.276184	400.000000	493.761353
150.000000	114.899002	0.000000
1.100000
600.000488	400.000000	499.999023
150.000000	114.999985	0.000000
1.100000
597.119263	400.000000	505.761505
150.000000	115.099983	0.000000
1.100000
594.470825	400.000000	511.058380
150.000000	115.199982	0.000000
1.100000
592.047974	400.000000	515.904053
150.000000	115.299980	0.000000
1.100000
589.843567	400.000000	520.312927
150.000000	115.399986	0.000000
1.100000
587.850281	400.000000	524.299377
150.000000	115.499985	0.000000
1.100000
586.061096	400.000000	527.877869
150.000000	115.599983	0.000000
1.100000
584.468628	400.000000	531.062744
150.000000	115.699982	0.000000
1.100000
583.065796	400.000000	533.868347
150.000000	115.799980	0.000000
1.100000
581.845398	400.000000	536.309204
150.000000	115.899986	0.000000
1.100000
580.800171	400.000000	538.399658
150.000000	115.999985	0.000000
1.100000
579.922913	400.000000	540.154175
150.000000	116.099983	0.000000
1.100000
579.206482	400.000000	541.586975
150.000000	116.199982	0.000000
1.100000
578.643677	400.000000	542.712646
150.000000	116.299980	0.000000
1.100000
578.227234	400.000000	543.545471
150.000000	116.399986	0.000000
1.100000
577.950012	400.000000	544.099915
150.000000	116.499985	0.000000
1.100000
577.804810	400.000000	544.390381
150.000000	116.599983	0.000000
1.100000
577.784363	400.000000	544.431213
150.000000	116.699982	0.000000
1.100000
577.881592	400.000000	544.236877
150.000000	116.799988	0.000000
1.100000
578.089172	400.000000	543.821655
150.000000	116.899986	0.000000
1.100000
578.399963	400.000000	543.200134
150.000000	116.999985	0.000000
1.100000
578.806702	400.000000	542.386536
150.000000	117.099983	0.000000
1.100000
579.302307	400.000000	541.395386
150.000000	117.199982	0.000000
1.100000
579.879517	400.000000	540.240967
150.000000	117.299988	0.000000
1.100000
580.531067	400.000000	538.937805
150.000000	117.399986	0.000000
1.100000
581.249878	400.000000	537.500244
150.000000	117.499985	0.000000
1.100000
582.028687	400.000000	535.942627
150.000000	117.599983	0.000000
1.100000
582.860291	400.000000	534.279480
150.000000	117.699982	0.000000
1.100000
583.737427	400.000000	532.525085
150.000000	117.799988	0.000000
1.100000
584.653076	400.000000	530.693909
150.000000	117.899986	0.000000
1.100000
585.599854	400.000000	528.800293
150.000000	117.999985	0.000000
1.100000
586.570618	400.000000	526.858704
150.000000	118.099983	0.000000
1.100000
587.558228	400.000000	524.883545
150.000000	118.199982	0.000000
1.100000
588.555420	400.000000	522.889160
150.000000	118.299980	0.000000
1.100000
589.555054	400.000000	520.889893
150.000000	118.399986	0.000000
1.100000
590.549805	400.000000	518.900330
150.000000	118.499985	0.000000
1.100000
591.532654	400.000000	516.934692
150.000000	118.599983	0.000000
1.100000
592.496216	400.000000	515.007507
150.000000	118.699982	0.000000
1.100000
593.433472	400.000000	513.133118
150.000000	118.799980	0.000000
1.100000
594.337036	400.000000	511.325897
150.000000	118.899986	0.000000
1.100000
595.199829	400.000000	509.600281
150.000000	118.999985	0.000000
1.100000
